2.678547287359833717e-03
2.635162323713302612e-03
2.645407337695360184e-03
-2.225078046321868896e-01
1.204060465097427368e-01
-5.967893451452255249e-02
-6.565009355545043945e-01
1.462617963552474976e-01
-3.982490301132202148e-01
-6.064006090164184570e-01
2.235531955957412720e-01
-6.866070032119750977e-01
-8.530455827713012695e-01
5.513021945953369141e-01
-7.866885662078857422e-01
-1.074272751808166504e+00
2.615684866905212402e-01
-1.740788668394088745e-02
-1.759093642234802246e+00
1.008538529276847839e-01
-9.881938993930816650e-02
-1.794273018836975098e+00
2.944865077733993530e-02
-3.634634613990783691e-01
-1.075639486312866211e+00
2.199342474341392517e-02
4.147846251726150513e-02
-1.592414259910583496e+00
-1.652410775423049927e-01
-2.491298317909240723e-01
-1.563015222549438477e+00
-1.965802311897277832e-01
-6.021777391433715820e-01
-9.924127459526062012e-01
-1.932847052812576294e-01
-8.585534058511257172e-03
-1.456427812576293945e+00
-4.069384932518005371e-01
-2.589743733406066895e-01
-1.482091307640075684e+00
-3.577967882156372070e-01
-5.775803327560424805e-01
-8.711939454078674316e-01
-3.958956003189086914e-01
-8.364810049533843994e-02
-1.339640021324157715e+00
-4.814213812351226807e-01
-2.522267699241638184e-01
-1.357575416564941406e+00
-4.231945276260375977e-01
-4.641400873661041260e-01
-1.099190592765808105e+00
6.544902324676513672e-01
-9.038223028182983398e-01
-1.758539795875549316e+00
-1.590103656053543091e-02
-6.326495409011840820e-01
-1.663846254348754883e+00
-2.624132335186004639e-01
-8.485544919967651367e-01
-1.577804803848266602e+00
-3.063784539699554443e-01
-8.222312927246093750e-01
-1.399632692337036133e+00
-3.425079286098480225e-01
-6.889466643333435059e-01
-3.058995604515075684e-01
2.116222530603408813e-01
-1.031767278909683228e-01
-3.122534453868865967e-01
6.878294050693511963e-02
-3.997649252414703369e-02
-3.163075745105743408e-01
-1.111034303903579712e-01
-2.966902032494544983e-02
-3.083822727203369141e-01
-1.929455697536468506e-01
-3.679148107767105103e-02
-8.935553431510925293e-01
2.534765005111694336e-01
-3.402848541736602783e-02
-8.528437018394470215e-01
3.205544501543045044e-02
1.276808325201272964e-02
-7.908519506454467773e-01
-1.687867045402526855e-01
-9.607053361833095551e-03
-9.460961818695068359e-01
-3.071846961975097656e-01
-5.934406071901321411e-02
-2.634919015690684319e-03
3.741026390343904495e-03
9.974234104156494141e-01
2.628640271723270416e-03
1.002583742141723633e+00
-2.675840631127357483e-03
-8.780279159545898438e-01
-8.695404231548309326e-02
4.786812961101531982e-01
3.721868395805358887e-01
4.848103523254394531e-01
8.633476495742797852e-01
2.764192223548889160e-01
1.186553239822387695e+00
-8.567312359809875488e-02
-2.977680563926696777e-01
2.056294381618499756e-01
1.299287438392639160e+00
-7.082483172416687012e-01
2.359749227762222290e-01
7.314889430999755859e-01
8.823283314704895020e-01
3.635149002075195312e-01
6.518490314483642578e-01
-6.011133193969726562e-01
3.630070090293884277e-01
7.779823541641235352e-01
8.467201590538024902e-01
5.039734244346618652e-01
4.377493858337402344e-01
2.216123938560485840e-01
-3.056145906448364258e-01
-1.231092929840087891e+00
2.619833350181579590e-01
-1.071431875228881836e+00
1.569477021694183350e-01
3.241367042064666748e-01
-1.036866903305053711e+00
8.974401652812957764e-02
-6.831958889961242676e-01
-1.333382725715637207e-01
8.483393192291259766e-01
3.894000649452209473e-01
-9.979401826858520508e-01
1.008887141942977905e-01
-1.093948841094970703e+00
-4.079269170761108398e-01
1.846418529748916626e-01
4.115637540817260742e-01
1.588190197944641113e-01
-1.041998624801635742e+00
3.284236192703247070e-01
-1.056414008140563965e+00
1.047353073954582214e-01
3.583264946937561035e-01
-1.039359211921691895e+00
8.965986967086791992e-02
-1.005099296569824219e+00
-3.252598047256469727e-01
4.163784384727478027e-01
5.197515487670898438e-01
-9.418098926544189453e-01
2.227998524904251099e-01
-1.064770936965942383e+00
-4.857383370399475098e-01
2.337706536054611206e-01
3.286925554275512695e-01
2.912543416023254395e-01
-1.014774203300476074e+00
4.145212769508361816e-01
-9.846774935722351074e-01
-1.325073242187500000e-01
4.815784096717834473e-01
-9.239794015884399414e-01
-1.604970991611480713e-01
-9.092995524406433105e-01
-5.253284573554992676e-01
4.642782211303710938e-01
4.907668232917785645e-01
-9.149365425109863281e-01
-1.691707968711853027e-01
-9.873492717742919922e-01
-5.740813016891479492e-01
2.980279922485351562e-01
1.610583066940307617e-01
4.070995450019836426e-01
-1.040764689445495605e+00
3.795161247253417969e-01
-9.089165329933166504e-01
-4.185932278633117676e-01
4.934973120689392090e-01
-8.298993110656738281e-01
-3.857638537883758545e-01
-6.925479173660278320e-01
-6.502935886383056641e-01
5.619130134582519531e-01
4.135523140430450439e-01
-8.188874125480651855e-01
-5.617070198059082031e-01
-8.410918712615966797e-01
-4.909315705299377441e-01
2.352104038000106812e-01
1.002642631530761719e+00
9.950556159019470215e-01
9.597704410552978516e-01
6.213980317115783691e-01
3.301119804382324219e-02
5.393552184104919434e-01
8.697342872619628906e-02
-3.646135330200195312e-03
7.792400121688842773e-01
3.394266366958618164e-01
8.189493417739868164e-02
8.226554989814758301e-01
6.694908738136291504e-01
3.432475030422210693e-01
8.942310810089111328e-01
7.992855310440063477e-01
6.312580108642578125e-01
1.652698218822479248e-01
2.331566810607910156e-01
6.145869493484497070e-01
6.758595705032348633e-01
6.457942128181457520e-01
